0
1
2
15
44
73
14
0
0
0
0.5
400
-2638
4925
-605
-334
-1
-1
1
1
0
1.5
400
1478
1622
1
3
-1
-1
2
2
0
1.0
400
847
802
20
-57
-1
-1
3
0
1
0.5
400
-2022
-1693
-403
114
-1
-1
4
1
1
1.5
400
-2337
-885
-126
-40
-1
-1
5
2
1
1.0
400
2852
-330
318
-293
-1
-1
6
0
2
0.5
400
2042
-1435
-433
-324
-1
-1
7
1
2
1.5
400
1230
-413
-139
197
-1
-1
8
2
2
1.0
400
-1853
5276
-558
-154
-1
-1
9
3
-1
6.0
750
-37
2246
-2
-16
7
7
13
3
-1
3.0
650
6105
-2655
-247
107
1
5
15
3
-1
3.0
650
-6497
-4811
273
202
1
5
12
4
-1
-1.0
750
2241
-1478
0
0
1
-1
14
4
-1
-1.0
750
-2671
-1354
0
0
4
-1
