0
0
0
0
40
43
14
0
0
0
0.5
400
3467
4226
0
0
-1
-1
1
1
0
1.5
400
2367
-1196
108
-95
-1
-1
2
2
0
1.0
400
4078
2007
0
0
-1
-1
3
0
1
0.5
400
1116
-526
213
-452
-1
-1
4
1
1
1.5
400
2192
-247
270
79
-1
-1
5
2
1
1.0
400
1493
407
38
-27
-1
-1
6
0
2
0.5
400
-217
-2243
-242
-174
-1
-1
7
1
2
1.5
400
-954
-1912
-145
-338
-1
-1
8
2
2
1.0
400
319
108
201
-276
-1
-1
10
3
-1
5.5
700
-1495
1836
20
-25
6
6
14
3
-1
3.0
850
4634
7540
-209
-341
1
9
15
3
-1
3.0
850
4212
-7783
-190
352
1
9
12
4
-1
-1.0
700
2654
345
0
0
5
-1
13
4
-1
-1.0
700
-1123
-2579
0
0
5
-1
