0
6
0
4
42
55
15
0
0
0
0.5
400
-5422
60
11
-40
-1
-1
1
1
0
1.5
400
214
3656
-1
1
-1
-1
2
2
0
1.0
400
-1446
1337
-4
2
-1
-1
3
0
1
0.5
400
2363
-1556
-343
30
-1
-1
4
1
1
1.5
400
-3402
-2667
-366
-255
-1
-1
5
2
1
1.0
400
577
-2836
-231
-185
-1
-1
6
0
2
0.5
400
1500
-4270
431
-309
-1
-1
7
1
2
1.5
400
1511
-3093
23
-77
-1
-1
8
2
2
1.0
400
3392
-1263
261
-321
-1
-1
10
3
-1
5.5
700
-4348
-3492
-106
-85
6
6
19
3
-1
3.0
850
97
5145
-6
-252
1
9
21
3
-1
3.0
850
5870
-3543
-231
139
1
9
14
4
-1
-1.0
700
2576
-1144
0
0
3
-1
18
4
-1
-1.0
850
1330
4181
0
0
1
-1
20
4
-1
-1.0
850
2730
-3080
0
0
1
-1
