0
8
7
110
52
70
13
0
0
0
0.5
400
-4326
-3341
-43
81
-1
-1
1
1
0
1.5
400
4513
-260
-1
-1
-1
-1
2
2
0
1.0
400
-4903
-2651
-22
85
-1
-1
3
0
1
0.5
400
1551
-2447
518
-7
-1
-1
4
1
1
1.5
400
-234
-398
243
-69
-1
-1
5
2
1
1.0
400
-2121
-950
382
346
-1
-1
6
0
2
0.5
400
39
-1884
985
-442
-1
-1
7
1
2
1.5
400
1036
-3180
155
17
-1
-1
8
2
2
1.0
400
1103
-1094
465
-209
-1
-1
13
3
-1
5.0
650
3095
5681
71
131
5
5
17
3
-1
5.0
650
-3842
-27
-145
0
5
5
20
3
-1
5.0
650
2201
-1191
41
2
5
5
19
4
-1
-1.0
850
1669
-3641
0
0
8
-1
